     1        0.963971    
     2        6.038603    
     3        6.079245    
     4        5.948544    
     5        6.043683    
     6        6.040466    
     7        5.917444    
     8        8.142903    
     9        5.921479    
    10        6.037462    
    11        5.944489    
    12        6.043772    
    13        5.918908    
    14        5.930185    
    15        8.203579    
    16        5.925008    
    17        0.920955    
    18        5.935405    
    19        0.976012    
    20        8.215779    
    21        5.941523    
    22        6.063027    
    23        0.950201    
    24        0.949557    
    25        5.852957    
    26        7.377947    
    27        0.854907    
    28        0.834462    
    29        6.124948    
    30        0.964037    
    31        0.955140    
    32        0.977218    
    33        5.933614    
    34        8.326225    
    35        0.807423    
    36        0.980791    
    37        5.924577    
    38        6.085430    
    39        0.973911    
    40        0.968506    
    41        0.975789    
    42        0.986406    
    43        8.190015    
    44        0.910554    
    45        5.959978    
    46        0.919802    
    47        8.334226    
    48        0.787870    
    49        5.946340    
    50        8.359007    
    51        0.765493    
    52        0.912949    
    53        5.969369    
    54        6.016936    
    55        8.358526    
    56        0.759154    
    57        0.918509    
    58        0.938164    
    59        8.202798    
    60        0.907416    
    61        8.140948    
    62        5.929646    
    63        6.032729    
    64        6.068227    
    65        5.972518    
    66        6.045872    
    67        6.025840    
    68        0.937432    
    69        0.947132    
    70        5.969468    
    71        8.338123    
    72        0.770681    
    73        0.911392    
    74        5.978138    
    75        7.070306    
    76        5.831564    
    77        8.369093    
    78        6.008643    
    79        5.963590    
    80        6.058552    
    81        6.030206    
    82        5.888764    
    83        6.058793    
    84        6.062758    
    85        0.963361    
    86        0.958762    
    87        8.252712    
    88        0.745901    
    89        6.051152    
    90        5.956662    
    91        6.044231    
    92        5.890236    
    93        6.025070    
    94        5.935978    
    95        8.269654    
    96        0.770637    
    97        0.952746    
    98        8.272273    
    99        0.750146    
   100        0.994130    
   101        6.013600    
   102        7.047019    
   103        5.824022    
   104        8.358726    
   105        0.860206    
   106        5.762916    
   107        8.303935    
   108        8.219791    
   109        0.747575    
   110        0.916230    
   111        0.973213    
   112        7.131942    
   113        5.834768    
   114        8.303554    
   115        5.969040    
   116        7.066895    
   117        5.840767    
   118        8.331168    
   119        5.988349    
   120        7.063399    
   121        5.837710    
   122        8.358240    
   123        5.987605    
   124        7.070317    
   125        5.826763    
   126        8.361169    
   127        5.977765    
   128        7.195184    
   129        6.134382    
   130        0.928779    
   131        0.942062    
   132        0.963615    
   133        0.876011    
   134        6.031952    
   135        0.982246    
   136        0.982790    
   137        5.970502    
   138        6.132150    
   139        0.953501    
   140        0.976065    
   141        0.953692    
   142        6.130218    
   143        0.948336    
   144        0.969628    
   145        0.967868    
   146        0.971375    
   147        0.935429    
   148        0.912957    
   149        0.907064    
   150        5.969251    
   151        8.340818    
   152        0.782388    
   153        0.909756    
   154        0.898479    
   155        6.054384    
   156        5.779618    
   157        8.368499    
   158        7.171985    
   159        0.820045       
   160        0.819533       
   161        0.958260       
   162        0.927172       
   163        0.903540       
   164        0.881501       
   165        0.965234       
   166        0.833505       
   167        0.926351       
   168        0.884144       
   169        0.910298       
   170        0.956802       
   171        0.942074       
   172        1.027451       
   173        1.024567       
   174        0.942852       
   175        0.942784       
   176        0.958559       

